-999133
-997993
-997278
-996371
-996154
-993378
-990607
-990024
-981958
-980237
-980152
-977723
-977117
-970290
-968393
-964326
-962196
-959958
-957749
-956328
-954803
-954242
-953593
-953177
-951986
-951481
-948822
-945883
-945574
-943524
-942882
-938750
-927262
-926585
-925459
-923096
-918590
-916965
-916640
-913130
-911802
-911739
-909953
-905397
-901035
-899510
-897294
-896936
-890449
-883698
-880109
-878920
-877133
-875688
-873651
-866982
-866402
-865213
-865141
-863233
-860053
-855892
-853368
-853319
-853228
-851227
-846067
-845872
-844735
-837942
-835950
-833483
-832882
-828137
-826976
-826756
-819860
-817811
-815230
-815009
-814964
-812625
-811706
-811602
-811088
-808303
-808200
-806236
-805196
-803935
-803629
-801602
-798899
-798221
-798100
-795714
-785459
-784198
-782767
-781050
-780829
-780294
-778925
-774758
-773244
-767370
-766653
-764653
-762746
-762629
-758125
-757911
-756345
-755638
-750441
-742011
-741212
-741006
-740434
-737541
-736462
-736300
-734702
-734667
-731486
-729098
-723292
-720863
-719179
-718633
-708995
-706860
-705335
-700304
-699970
-698408
-683387
-680461
-679726
-679674
-679442
-674892
-674300
-668875
-664487
-661522
-659483
-659063
-657687
-655508
-651922
-651859
-648182
-645121
-642212
-638578
-637251
-633669
-632025
-630749
-629070
-625645
-621772
-620301
-618071
-616998
-616131
-614854
-614029
-613552
-613354
-613145
-609974
-608542
-606459
-602824
-602524
-602198
-599543
-596200
-592043
-589912
-589728
-588544
-587148
-583664
-582066
-581048
-579711
-578999
-577388
-575791
-574379
-574374
-572681
-569426
-568610
-567896
-567846
-566043
-565195
-564564
-561640
-561438
-557869
-556371
-555649
-555040
-554343
-550602
-549503
-548953
-548840
-547377
-547040
-546620
-546401
-542830
-539473
-536351
-535818
-535404
-529660
-528040
-524177
-524151
-522907
-522867
-522748
-521956
-520602
-520253
-519419
-517535
-511997
-511959
-511119
-505849
-505019
-504630
-503716
-503454
-502664
-502093
-496892
-496708
-494503
-490241
-488667
-487059
-486469
-485700
-485574
-483824
-483665
-482452
-479045
-478843
-477986
-477502
-477236
-474306
-473770
-471302
-469682
-468282
-459472
-458424
-455035
-452627
-450907
-449688
-449685
-449600
-448292
-446275
-445675
-445336
-440833
-440053
-438835
-437484
-437122
-434290
-432389
-428269
-426349
-425359
-424517
-424326
-422640
-422477
-421742
-417498
-417423
-417289
-416888
-415348
-414900
-413348
-413012
-409769
-407671
-406636
-405739
-402172
-399716
-398551
-394962
-393055
-391442
-391060
-388166
-387992
-384462
-379773
-378588
-375232
-374306
-374140
-373782
-372739
-367475
-365058
-359136
-357987
-357620
-357124
-354916
-354873
-354388
-349989
-349462
-345032
-344953
-343080
-340186
-339122
-338612
-338412
-335366
-329454
-323795
-318973
-317787
-317369
-317017
-316359
-313972
-313396
-311012
-310903
-309213
-306148
-305024
-304126
-304010
-302676
-301838
-300417
-299036
-297651
-294048
-291673
-291177
-290092
-288598
-287938
-287098
-284582
-282888
-281207
-279827
-279624
-277789
-271291
-271065
-270450
-267711
-266529
-265631
-265186
-265154
-262784
-262516
-257909
-257773
-257564
-257448
-254491
-251736
-250274
-245847
-245059
-240754
-239784
-239726
-239215
-238139
-237725
-236349
-234855
-233662
-233413
-230715
-223901
-212702
-210272
-209295
-204076
-203917
-198561
-195484
-195169
-192933
-190561
-189822
-189589
-186591
-180513
-179368
-179086
-176801
-176110
-175262
-169521
-168736
-165587
-164667
-163698
-160441
-158013
-156443
-153302
-150963
-150460
-150227
-150197
-149294
-145376
-144058
-137260
-135644
-133039
-128579
-127713
-122539
-119818
-119781
-114851
-112829
-109623
-106079
-105735
-101165
-99754
-95578
-91858
-91765
-89957
-89404
-87193
-86810
-86425
-84326
-83881
-83566
-78195
-77644
-77556
-76014
-72781
-72657
-72616
-72441
-72278
-67379
-66790
-65913
-65475
-65045
-61214
-60709
-60340
-58545
-53344
-48731
-48664
-44384
-42239
-40733
-37415
-37123
-32669
-31262
-19955
-14677
-7852
-5491
-4775
-4529
-3473
-3204
-2855
1970
2788
5561
8536
9996
10134
11844
12605
12913
14794
18160
25867
26054
29791
31048
32115
33941
38153
38829
40447
43308
46575
47931
50714
59439
61758
61838
66476
67645
70577
73337
79152
80031
81342
85098
86919
88852
90698
90772
91728
92614
94704
98394
99906
102283
110559
113261
117939
118190
118780
127523
128172
129413
132524
133509
135783
136241
136654
137280
140125
140683
141503
142667
143233
144214
144744
146795
152264
154815
156371
156994
164021
166974
170784
170967
174168
175183
178867
180118
182567
184507
185950
188575
188666
190684
200970
204616
209928
213334
215046
216463
218238
221446
225751
226971
227659
228065
228464
231256
235134
238233
239080
242003
242141
245319
247752
248816
251414
252042
252226
255056
256830
257176
259682
262970
263464
264545
265007
266065
267986
274468
274781
276742
277243
279123
280935
284406
286516
289707
291903
292458
298337
298851
304289
304801
305266
307973
314317
314398
315348
316205
317906
323533
324225
326391
330889
332759
339327
339454
339644
342542
354505
355800
356209
359078
359083
363176
365691
366576
367346
367591
367940
370085
370526
371289
374270
378432
380127
381808
383724
384011
384420
385105
385860
388147
391057
392848
393482
393973
394710
394943
396269
396927
399498
402781
407913
412681
417131
419869
420668
422869
423124
425283
428055
430012
431445
432201
432417
435592
436129
442624
449497
449630
452041
454400
455416
456455
458375
462325
462990
463392
463805
463959
465754
467467
468828
469130
469893
471198
476197
486490
486491
487284
488333
488910
492790
496214
496229
497506
498661
499277
500179
500303
501522
503031
506148
508072
508611
509392
510606
511602
513183
514334
518630
520011
520412
520478
520816
521163
523187
523368
524398
524897
526104
526133
526343
526464
526519
526905
527321
528919
534285
536503
536609
537231
539234
541200
542165
544639
547385
552054
552113
553600
554915
556808
564879
565048
571161
574730
576184
577619
577808
577926
580292
580469
583812
585320
585334
586474
588003
588063
590109
591692
594194
594451
596075
598216
607471
610267
610470
612742
612859
613000
615168
617089
617881
617918
620873
621020
624337
625402
626312
626441
631242
631275
637460
641784
641824
646650
648530
649300
649385
651204
652327
656261
657106
659935
662984
663894
667129
667717
671683
676935
681034
683893
684839
687720
688454
688487
690946
692810
695307
695433
700778
702105
702846
702866
702910
703618
704943
706921
707531
708128
708416
708841
709054
709230
712000
716588
718598
719520
721673
722514
722865
723534
725063
725322
725996
728477
732588
735174
736175
737243
740487
740829
744675
744693
749681
750589
751699
754914
755221
758055
759317
761555
762665
768444
769341
770700
772473
772792
778349
780844
785916
792572
794186
794267
796065
801776
802321
807268
807762
810050
810596
811440
812278
815761
819418
819556
824158
824260
824952
827841
830420
830533
833707
837113
837982
839365
840451
849457
850132
851455
854006
854927
856690
856739
859948
863184
863776
864070
867505
868217
869201
870330
870921
873813
876863
878918
880868
881225
882060
888391
888700
890486
891426
892957
895291
897377
900175
902131
907360
909823
911152
916423
919389
920614
921370
926928
928027
928462
931289
933809
934133
940734
943747
945685
948182
948192
951558
954383
955189
956895
958347
959932
960120
960321
961660
962649
962707
970035
972093
973768
974599
978241
978434
980103
981233
981457
988088
989466
994909
995631
997178
999677
999964
