-547040
-310903
646650
-750441
188575
856690
25867
772473
-122539
277243
700778
-602524
955189
-452627
850132
921370
-425359
-317787
-522907
-657687
422869
12913
-474306
-945574
402781
-853228
-399716
8536
-440833
-664487
-133039
-524177
-548840
314398
978434
-798221
-997993
-257564
-335366
-602824
396927
170967
-483824
-357987
511602
-780829
339644
431445
26054
-574374
626441
-394962
226971
267986
649385
85098
239080
687720
323533
-428269
-359136
-990024
442624
388147
412681
-996154
-569426
523187
90772
-83566
-808200
-863233
324225
740487
-164667
1970
-169521
-679674
909823
-577388
576184
184507
-803629
-778925
-297651
31048
-698408
141503
-546401
-245059
702105
-153302
-483665
849457
-192933
-736462
-699970
-609974
-578999
503031
-237725
339454
-391442
863776
-535404
500303
-440053
32115
704943
-165587
907360
113261
289707
-294048
577926
-398551
417131
785916
-367475
722865
-149294
-65475
-61214
393973
-459472
-479045
384420
-956328
934133
-195484
-3473
-756345
648530
667129
-522867
94704
-83881
-565195
500179
737243
371289
-135644
-76014
-415348
577808
-210272
-257448
-845872
-234855
-880109
330889
920614
40447
-945883
5561
455416
524897
-817811
-855892
-674300
-254491
-471302
-422477
-455035
-421742
735174
-72441
580469
980103
-953593
706921
-837942
864070
508611
488910
723534
292458
-5491
-4529
235134
607471
-503716
926928
-77556
-505849
978241
-37415
-127713
-758125
-450907
732588
227659
-101165
-720863
-291673
830420
617089
933809
-313972
-304010
428055
583812
50714
354505
-781050
972093
-803935
956895
-195169
359083
588003
88852
744675
981233
508072
326391
370526
683893
684839
-271291
565048
863184
-683387
-659483
-119781
-311012
859948
-782767
-554343
870330
-556371
-901035
178867
298337
469893
-114851
712000
-91765
255056
577619
370085
656261
-42239
-168736
146795
-521956
-445336
-317017
-860053
-911802
-916965
626312
391057
-277789
-287098
80031
827841
811440
526133
-511959
-343080
837113
-422640
118190
695433
-413348
526464
-548953
-993378
81342
631275
692810
-291177
544639
-567846
-905397
-913130
-632025
-524151
355800
-938750
-798100
-520602
758055
637460
-567896
392848
-708995
-301838
-99754
-179368
-407671
252226
571161
-528040
182567
652327
509392
-977723
18160
709230
-866982
-175262
-265631
-391060
-316359
-645121
463392
744693
190684
-798899
940734
-189822
-814964
762665
676935
868217
954383
501522
-633669
-951481
702846
156994
-496708
367940
-233413
-968393
761555
719520
29791
997178
-288598
-267711
436129
-846067
520478
486491
-176801
-608542
-300417
819556
-37123
-186591
721673
-305024
256830
-89957
902131
-91858
-579711
383724
154815
252042
43308
14794
423124
-2855
740829
-596200
367346
332759
-137260
-87193
-119818
-561438
-819860
274468
164021
556808
-345032
38153
-344953
-503454
-828137
374270
-60709
142667
-546620
-755638
-574379
-766653
231256
-942882
554915
-496892
-614029
-357620
888700
-31262
263464
995631
-482452
476197
-262516
-424517
399498
-767370
534285
-897294
-505019
769341
-282888
759317
772792
129413
135783
-959958
-485574
794186
-883698
-150197
396269
-875688
839365
380127
-477502
463805
-7852
213334
499277
-477236
-413012
456455
228065
248816
-426349
-953177
-916640
-287938
514334
90698
-478843
-198561
688487
225751
651204
-618071
880868
-414900
449630
958347
807762
-896936
-434290
384011
973768
-245847
-449685
251414
-179086
-378588
-72278
-996371
586474
-477986
-488667
750589
-290092
-795714
-659063
-354388
-60340
-762629
367591
102283
136241
-587148
-851227
-742011
407913
-240754
286516
-86425
-89404
9996
-811602
-338612
594194
-805196
-446275
-375232
702866
-535818
-811088
61758
-734702
-582066
-239784
247752
280935
873813
200970
432201
895291
-620301
-365058
-238139
-954242
897377
-349462
-642212
61838
-705335
948182
496214
266065
-977117
463959
91728
-536351
-679726
-438835
591692
-729098
-964326
718598
-262784
-621772
465754
890486
-257773
274781
59439
204616
-265186
-313396
631242
-547377
-502664
552054
-239726
-48664
-72657
-815009
916423
882060
-77644
999677
175183
425283
526343
-718633
728477
-602198
919389
755221
513183
170784
-865141
-349989
216463
810050
-668875
-575791
-637251
-65045
435592
419869
876863
-564564
-741212
663894
778349
-402172
-468282
641784
-449600
-853319
-550602
-943524
70577
-529660
523368
768444
-581048
315348
520011
878918
-970290
317906
585320
-780294
-844735
-67379
492790
393482
-832882
526905
86919
-811706
487284
-437484
215046
-648182
-19955
291903
598216
-4775
-374140
851455
-150460
-865213
-918590
-981958
-504630
-773244
-487059
98394
-511997
385105
657106
-406636
-878920
-734667
-405739
-557869
454400
265007
118780
140683
564879
-44384
99906
132524
394943
-473770
659935
-393055
-105735
688454
11844
-417423
807268
92614
-309213
856739
-680461
-561640
284406
-606459
702910
-522748
725996
-279624
-833483
725322
749681
-299036
981457
989466
824158
140125
-265154
-339122
-951986
612859
-284582
304289
-625645
156371
-176110
-270450
962707
378432
-109623
526519
869201
342542
-674892
307973
794267
725063
837982
-3204
854006
-741006
46575
-180513
66476
-338412
-700304
-409769
-962196
945685
-458424
671683
709054
649300
245319
-719179
994909
830533
703618
-980237
-679442
12605
47931
356209
-555649
-774758
615168
-549503
486490
812278
970035
359078
-502093
497506
-150227
-160441
-40733
-156443
180118
-128579
174168
-517535
-86810
610267
-163698
-706860
928027
-737541
-387992
67645
-95578
-306148
363176
-740434
-568610
574730
-158013
228464
-203917
-329454
524398
751699
-589912
-890449
-572681
580292
840451
-583664
-66790
974599
520816
305266
667717
-317369
931289
381808
999964
-354873
264545
708416
-835950
-72781
802321
951558
-555040
-373782
-655508
801776
166974
792572
-614854
-58545
-32669
471198
870921
304801
-204076
722514
-630749
-926585
-651922
-853368
-599543
-416888
-997278
-437122
-494503
-84326
585334
613000
-354916
-923096
948192
-566043
528919
498661
-613145
-899510
136654
144744
-801602
452041
617881
-999133
-239215
610470
695307
-490241
133509
819418
716588
780844
-432389
-323795
-511119
810596
961660
-980152
590109
-279827
-616998
510606
127523
10134
-388166
617918
-519419
-78195
221446
-661522
539234
-251736
-990607
612742
854927
-190561
521163
624337
-230715
137280
-629070
-613354
33941
708128
-53344
110559
259682
-112829
-785459
-826756
488333
960120
366576
-223901
552113
-589728
262970
-145376
594451
185950
-281207
209928
-866402
79152
-209295
542165
-372739
-723292
-592043
-927262
-736300
-762746
959932
430012
-340186
-250274
462990
928462
-909953
-318973
815761
596075
625402
-233662
38829
988088
-257909
900175
143233
-651859
867505
-815230
-65913
-374306
621020
-14677
279123
-48731
257176
117939
-764653
-539473
-445675
708841
298851
-271065
-954803
-469682
218238
520412
-485700
537231
394710
-588544
796065
314317
824260
506148
833707
754914
641824
892957
962649
-784198
-106079
-911739
770700
316205
526104
588063
-925459
911152
365691
-806236
-150963
541200
707531
467467
432417
553600
-757911
-613552
242003
420668
469130
152264
188666
-731486
-542830
449497
960321
276742
-212702
-417498
943747
339327
2788
128172
-873651
73337
-826976
-520253
888391
-236349
468828
238233
144214
824952
-486469
891426
620873
-144058
-448292
518630
-877133
536609
-812625
496229
-616131
690946
385860
-379773
-948822
462325
-638578
-424326
736175
662984
681034
-189589
-384462
-266529
-449688
-72616
458375
527321
536503
242141
-357124
-417289
547385
881225
-304126
-808303
-302676
-957749
